-0.812015
-0.949136
-0.376897
-0.29673
-0.496589
-0.700828
-0.204503
0.519703
-0.504406
0.677981
-0.000302345
0.156371
-0.133063
0.812253
-0.0990424
0.600743
-0.331685
0.598661
0.214638
-0.305966
0.484848
0.472935
0.834002
-0.0134201
-0.54272
-0.784027
-0.00614436
0.220158
-0.0779284
0.618582
0.330188
-0.663612
-0.829443
0.260039
0.0410649
0.366345
-0.108454
-0.440554
0.275043
-0.267652
-0.230717
0.291
-0.193547
-0.296883
-0.44228
0.0787561
0.849114
-0.370812
-0.151772
-0.643709
0.282589
0.69215
0.395025
0.218394
-0.945278
-0.0568894
0.105123
-0.00419701
-0.392039
-0.610301
-0.429418
0.297628
-0.786751
0.235953
0.889197
-0.496605
0.780093
-0.232653
-0.606548
-0.19911
-0.908645
-0.0184641
0.036346
-0.6533
0.166854
0.88932
0.637524
-0.00664364
-0.326068
-0.409894
-0.561427
0.304926
0.112235
0.118178
