0.0599994
0.27427
0.200323
0.971007
0.746544
0.455641
0.825953
0.907254
0.531663
0.219092
0.478072
0.227058
0.43318
0.863216
0.704764
0.454604
0.873287
0.637623
0.708792
0.626698
0.306467
0.983917
0.250008
0.710349
0.591906
0.54387
0.245064
0.928648
0.640858
0.34199
0.84579
0.651021
0.371014
0.0476089
0.276986
0.00412
0.49852
0.723685
0.215644
0.859859
0.199316
0.967864
0.992248
0.356304
0.170721
0.852748
0.395337
0.6086
0.12476
0.570879
0.361431
0.764855
0.244331
0.19129
0.330332
0.0646687
0.633473
0.433637
0.548173
0.0553911
0.2931
0.86578
0.0986053
0.623157
0.653432
0.432081
0.944151
0.994232
0.194098
0.71749
0.758171
0.363781
0.18366
0.854396
0.829432
0.307566
0.0692465
0.478469
0.81988
0.633076
0.548051
0.639241
0.65746
0.826411
0.851558
0.0723289
0.344859
0.751244
0.274056
0.739128
0.965423
0.75576
0.476547
0.0400403
0.667531
0.844295
0.596973
0.608539
0.909116
0.0693991
0.698813
0.0905789
0.742821
0.801141
0.588488
0.817438
0.423444
0.0292673
0.53328
0.776818
0.119144
0.355388
0.910886
0.789331
0.00723289
0.830103
0.321665
0.296213
0.535997
0.292703
