2.761837244033813477e-01 2.489639669656753540e-01 1.648521870374679565e-01 3.174731731414794922e-01 2.146288454532623291e-01
1.579283475875854492e-01 7.458674907684326172e-02 1.901728287339210510e-02 -2.522785663604736328e-01 -2.385694831609725952e-01
-3.814597725868225098e-01 -2.988072335720062256e-01 -4.046035110950469971e-01 -3.894438743591308594e-01 -2.707192897796630859e-01
-2.844402492046356201e-01 5.680493265390396118e-02 -1.419948488473892212e-01 6.136497482657432556e-02 -2.969882786273956299e-01
-3.256447017192840576e-01 -2.952268719673156738e-01 -3.497210144996643066e-01 -5.077556371688842773e-01 -3.204360306262969971e-01

----------------------
6.184516474604606628e-02 8.562643826007843018e-02 1.750486344099044800e-01 2.190705984830856323e-01 2.870162725448608398e-01
1.435236334800720215e-01 -6.231005769222974777e-03 2.088706195354461670e-01 -3.658181801438331604e-02 2.643476128578186035e-01
2.710940837860107422e-01 2.140528857707977295e-01 2.509375214576721191e-01 2.515808343887329102e-01 2.724576592445373535e-01
1.537074595689773560e-01 -7.208467274904251099e-02 -7.755180448293685913e-02 -1.538148522377014160e-01 1.715265959501266479e-02
-2.008498907089233398e-01 9.736439585685729980e-02 -2.113976329565048218e-01 -2.260668724775314331e-01 -1.878572255373001099e-01

----------------------
-2.367898263037204742e-02 1.619444638490676880e-01 -8.236444741487503052e-02 1.365632377564907074e-02 -6.463989615440368652e-02
1.514263898134231567e-01 2.074782848358154297e-01 1.751398295164108276e-01 -2.313193120062351227e-02 -5.278410017490386963e-02
4.065211117267608643e-02 -2.960782498121261597e-03 -1.201611980795860291e-01 1.138781160116195679e-01 -1.049858108162879944e-01
-5.355868488550186157e-02 1.187231764197349548e-01 -1.991731524467468262e-01 1.121000479906797409e-02 -6.472550332546234131e-02
-4.225143790245056152e-02 -1.088449284434318542e-01 1.908624172210693359e-01 4.516830295324325562e-02 8.135867118835449219e-02

----------------------
1.572118885815143585e-02 2.705746293067932129e-01 1.216489300131797791e-01 4.570397138595581055e-01 2.420771121978759766e-01
5.394448637962341309e-01 3.959347605705261230e-01 3.602944910526275635e-01 -1.511511020362377167e-02 5.536838993430137634e-02
5.212196707725524902e-02 4.981553182005882263e-02 7.020541280508041382e-02 1.720289140939712524e-01 8.457386493682861328e-02
3.631992042064666748e-01 4.692605137825012207e-01 1.576685905456542969e-01 4.846191406250000000e-01 1.534496992826461792e-01
2.151433974504470825e-01 2.398388646543025970e-02 -2.625215612351894379e-02 -5.850148200988769531e-02 -1.161899045109748840e-02

----------------------
-4.378410428762435913e-02 -5.261344835162162781e-02 5.183576047420501709e-02 1.585967391729354858e-01 -1.159288585186004639e-01
-1.829405277967453003e-01 1.519416831433773041e-02 -4.717425629496574402e-02 -4.127118289470672607e-01 -3.409699201583862305e-01
-4.324055016040802002e-01 -3.783616423606872559e-01 1.666949829086661339e-03 -1.834529787302017212e-01 -6.799186766147613525e-02
1.794627904891967773e-01 1.188945248723030090e-01 5.597393587231636047e-02 -2.060473859310150146e-01 -1.785047203302383423e-01
-2.125739157199859619e-01 -9.650018066167831421e-02 -3.607397377490997314e-01 -3.085049986839294434e-01 -1.157742440700531006e-01

----------------------
4.994463622570037842e-01 4.960005283355712891e-01 5.051691532135009766e-01 2.510829865932464600e-01 2.711599171161651611e-01
1.094538196921348572e-01 1.443794071674346924e-01 1.858865171670913696e-01 1.009367033839225769e-01 -2.680840715765953064e-02
5.253695696592330933e-02 -7.472767960280179977e-03 3.004908859729766846e-01 1.314090192317962646e-01 3.959564864635467529e-01
7.132403552532196045e-02 2.360277920961380005e-01 2.622410058975219727e-01 1.137097626924514771e-01 -1.645668298006057739e-01
1.189244166016578674e-02 -2.639947459101676941e-02 -3.841743618249893188e-02 -1.300365384668111801e-02 -9.155066311359405518e-02

----------------------
