-1.239874511957168579e-01 -8.519023656845092773e-02 -1.114582419395446777e-01 -3.692667931318283081e-02 -2.151904255151748657e-01
7.038164418190717697e-03 -6.048171594738960266e-02 -6.477310089394450188e-04 2.019878849387168884e-02 7.817678898572921753e-02
-3.701986744999885559e-02 1.263178437948226929e-01 3.667553886771202087e-02 1.115732192993164062e-01 1.936334073543548584e-01
-3.436101227998733521e-02 4.889012873172760010e-02 -7.786437869071960449e-02 -2.130908705294132233e-02 3.766861557960510254e-02
1.096914932131767273e-01 -1.559879444539546967e-02 -6.305155903100967407e-02 -1.065434366464614868e-01 6.170387379825115204e-03

----------------------
6.609367579221725464e-02 1.109981089830398560e-01 1.672155261039733887e-01 7.168649137020111084e-02 -7.090141624212265015e-02
-7.481647282838821411e-02 -9.563795477151870728e-02 -8.838778361678123474e-03 -8.349533379077911377e-02 7.100299000740051270e-02
-1.848537847399711609e-02 -8.185173571109771729e-02 8.529543131589889526e-02 -1.027898280881345272e-03 1.071520969271659851e-01
1.425703912973403931e-01 -1.665159128606319427e-02 7.818069308996200562e-03 -8.691682666540145874e-02 -1.361822634935379028e-01
-1.634708046913146973e-01 -6.114032864570617676e-02 -1.566464006900787354e-01 -5.522247031331062317e-02 -9.586822986602783203e-02

----------------------
9.262268990278244019e-02 1.219739392399787903e-01 1.378414779901504517e-01 -1.344910357147455215e-02 6.670592725276947021e-02
1.192558407783508301e-01 -4.680257663130760193e-02 1.044510826468467712e-01 7.099919021129608154e-02 9.028656035661697388e-02
2.291814796626567841e-02 2.338176406919956207e-02 -1.072174217551946640e-02 -1.477491408586502075e-01 -1.155201718211174011e-01
9.133096784353256226e-02 1.070951521396636963e-01 -6.942974030971527100e-02 9.889069199562072754e-02 -5.291744321584701538e-02
-3.455330431461334229e-02 -3.144579380750656128e-02 -8.623405359685420990e-03 6.885120179504156113e-03 -6.216117367148399353e-02

----------------------
1.214436143636703491e-01 4.028388299047946930e-03 4.384078457951545715e-02 -1.257375180721282959e-01 -1.434076726436614990e-01
7.545205950736999512e-02 -2.000291831791400909e-02 9.176085889339447021e-02 3.050746582448482513e-02 -4.339969530701637268e-02
-3.784742578864097595e-02 -1.073977947235107422e-01 4.585371911525726318e-02 1.329888105392456055e-01 1.202037930488586426e-01
1.234274171292781830e-02 1.438952088356018066e-01 8.718690276145935059e-02 1.374987070448696613e-03 1.398069262504577637e-01
1.344105601310729980e-01 4.397191479802131653e-02 -1.618761382997035980e-02 6.368222087621688843e-02 1.255736649036407471e-01

----------------------
9.140484780073165894e-02 1.014710664749145508e-01 7.022658735513687134e-02 1.223355680704116821e-01 -2.412318438291549683e-02
2.428082376718521118e-02 -6.843232363462448120e-02 7.610065490007400513e-02 -1.295247673988342285e-02 -5.041331052780151367e-03
-1.902023255825042725e-01 -1.379536837339401245e-01 -1.961904466152191162e-01 -1.978902965784072876e-01 -1.278837174177169800e-01
-1.786816678941249847e-02 -1.771145127713680267e-02 -1.077679619193077087e-01 -7.225842028856277466e-02 -8.932746946811676025e-02
-6.570670753717422485e-02 2.950838208198547363e-02 7.596858311444520950e-03 -4.201223701238632202e-02 -1.076622679829597473e-01

----------------------
1.980622299015522003e-02 1.797301769256591797e-01 1.760779768228530884e-01 1.308498382568359375e-01 1.722974926233291626e-01
6.218354776501655579e-02 -2.821746654808521271e-02 -7.390671968460083008e-02 -1.148838773369789124e-01 -6.238906830549240112e-02
-1.197527423501014709e-01 -5.853905528783798218e-02 -1.243991255760192871e-01 -1.868472099304199219e-01 -1.156857907772064209e-01
1.102681234478950500e-01 3.841632604598999023e-02 -1.144813597202301025e-01 -2.589748986065387726e-02 -1.212539225816726685e-01
-1.656843870878219604e-01 6.452700495719909668e-02 2.973039448261260986e-02 7.401297241449356079e-02 1.351637542247772217e-01

----------------------
-8.199142664670944214e-02 -1.086629480123519897e-01 -1.978028714656829834e-01 -1.086498051881790161e-01 -1.081980392336845398e-01
-3.733545169234275818e-02 -1.395454257726669312e-01 -3.453314676880836487e-02 -3.725018352270126343e-02 4.492776840925216675e-02
2.082940936088562012e-01 1.602892726659774780e-01 1.302848458290100098e-01 -3.396737948060035706e-02 3.119352506473660469e-03
3.075971268117427826e-02 -1.081671714782714844e-01 -2.302125329151749611e-03 3.528718650341033936e-02 -9.994686394929885864e-02
-7.631024718284606934e-02 -3.080525062978267670e-02 8.334475755691528320e-02 -2.809372730553150177e-02 1.638422906398773193e-01

----------------------
-1.106033753603696823e-02 -5.336822569370269775e-02 9.552896022796630859e-03 -7.600962370634078979e-02 -2.181165479123592377e-02
-8.002082258462905884e-02 1.097076199948787689e-02 1.658732444047927856e-02 1.915844902396202087e-02 -1.458422932773828506e-02
-1.565752923488616943e-02 1.264458298683166504e-01 6.317067146301269531e-02 7.268548756837844849e-02 1.827853769063949585e-01
1.664555445313453674e-02 6.306447088718414307e-02 -9.088214486837387085e-02 3.231479227542877197e-02 -1.627360135316848755e-01
-1.550238728523254395e-01 -9.728172421455383301e-02 -3.728512302041053772e-02 -1.055037900805473328e-01 -1.449367851018905640e-01

----------------------
-1.318783871829509735e-02 -5.829153582453727722e-02 -5.553094670176506042e-02 -7.262618094682693481e-02 -2.370454929769039154e-02
-1.134979259222745895e-02 3.358552977442741394e-02 1.442191749811172485e-01 1.262064874172210693e-01 8.816436678171157837e-02
-1.373871564865112305e-01 -5.740741267800331116e-02 -9.342720359563827515e-02 -1.650967895984649658e-01 -9.929987788200378418e-02
-1.917442679405212402e-01 -2.096031010150909424e-01 -1.774480938911437988e-01 -6.333278864622116089e-02 6.778962165117263794e-02
1.568206697702407837e-01 1.196368783712387085e-01 1.841881722211837769e-01 3.524030372500419617e-02 9.786646813154220581e-02

----------------------
-3.663890808820724487e-02 3.782021254301071167e-02 -2.550761029124259949e-02 -5.591648444533348083e-02 -1.411468684673309326e-01
-1.484593451023101807e-01 1.542122755199670792e-02 -9.335921704769134521e-02 -3.142857179045677185e-02 -6.686113774776458740e-02
1.690209209918975830e-01 -5.477261170744895935e-02 1.021867990493774414e-02 4.124450683593750000e-02 1.005711629986763000e-01
-6.143260374665260315e-02 -3.616266325116157532e-02 6.105473637580871582e-02 1.196857839822769165e-01 -2.094988524913787842e-02
4.052270576357841492e-02 8.175743371248245239e-02 1.367257237434387207e-01 1.701122820377349854e-01 1.526497304439544678e-01

----------------------
-7.382308691740036011e-02 3.952881321310997009e-02 -1.224397774785757065e-02 -1.580977290868759155e-01 -1.758034527301788330e-01
-1.856407374143600464e-01 -1.000224202871322632e-01 -4.387198388576507568e-02 -1.468700468540191650e-01 -1.482944339513778687e-01
-2.344693541526794434e-01 -1.354060024023056030e-01 -1.012772694230079651e-01 3.180226311087608337e-02 -5.829973518848419189e-02
-1.164025720208883286e-02 1.542586088180541992e-01 1.341032683849334717e-01 7.607989758253097534e-02 1.703971475362777710e-01
6.496731936931610107e-02 1.120173409581184387e-01 5.670825764536857605e-02 8.384840935468673706e-02 -4.548988118767738342e-02

----------------------
-8.780582249164581299e-02 -3.100965917110443115e-02 -4.188282415270805359e-02 4.460074752569198608e-02 -1.564429141581058502e-02
-2.075120992958545685e-02 -2.019853442907333374e-01 -1.276484131813049316e-02 -6.237518042325973511e-03 -3.087535500526428223e-02
-8.486722409725189209e-02 -2.793721482157707214e-02 -1.285062432289123535e-01 -1.756711304187774658e-01 -1.870570331811904907e-01
2.940882928669452667e-02 -2.342165447771549225e-02 8.159042149782180786e-02 -1.194744855165481567e-01 4.573457315564155579e-02
7.244644220918416977e-03 6.914384663105010986e-02 1.362609863281250000e-01 1.657811403274536133e-01 1.082842126488685608e-01

----------------------
1.199099496006965637e-01 1.061302945017814636e-01 -3.635516017675399780e-02 -9.830693900585174561e-02 2.011681348085403442e-02
1.251015216112136841e-01 1.089593861252069473e-02 2.615859545767307281e-02 3.218910843133926392e-02 -1.311263889074325562e-01
-1.307393163442611694e-01 -1.894871704280376434e-02 -9.013061411678791046e-03 -5.325911566615104675e-02 -1.286706179380416870e-01
-1.491267681121826172e-01 -1.508248448371887207e-01 -1.688248664140701294e-01 -1.662576794624328613e-01 -4.834964871406555176e-02
3.446200489997863770e-02 -4.209022969007492065e-03 8.038343489170074463e-02 -4.429343342781066895e-02 -1.663802564144134521e-02

----------------------
-2.003949135541915894e-02 -2.941592596471309662e-02 1.396604031324386597e-01 1.575054600834846497e-02 8.152160793542861938e-02
1.455601900815963745e-01 1.598413586616516113e-01 1.327693462371826172e-01 4.816485941410064697e-02 -6.153350113891065121e-04
-1.154525279998779297e-01 -9.630669839680194855e-03 3.565679118037223816e-02 1.673758327960968018e-01 4.342742264270782471e-02
2.167165428400039673e-01 1.517081409692764282e-01 1.287622749805450439e-02 1.349258869886398315e-01 -2.659338526427745819e-02
-2.561477012932300568e-02 6.138556823134422302e-02 -1.308342367410659790e-01 5.723570473492145538e-03 -3.996133059263229370e-02

----------------------
8.585023880004882812e-02 -9.956118650734424591e-03 2.235554717481136322e-02 1.975238621234893799e-01 1.515694409608840942e-01
1.344803422689437866e-01 -4.729104042053222656e-02 1.114297937601804733e-02 -1.082622930407524109e-01 -8.902122080326080322e-02
-4.919306375086307526e-03 6.644479464739561081e-03 -1.013564318418502808e-01 -2.018569856882095337e-01 -1.271679699420928955e-01
2.863338403403759003e-02 2.613224834203720093e-02 3.973128646612167358e-02 4.654086381196975708e-02 -3.353115543723106384e-02
-3.858817368745803833e-02 -1.058381348848342896e-01 -9.271843731403350830e-02 7.580458372831344604e-02 -3.876168653368949890e-02

----------------------
-1.106336787343025208e-01 -1.624050177633762360e-02 -2.777006663382053375e-02 -6.228432431817054749e-02 -6.279289722442626953e-02
-1.545874625444412231e-01 -7.121866196393966675e-02 -1.316791474819183350e-01 2.794655039906501770e-02 1.758128702640533447e-01
2.091102749109268188e-01 1.763225793838500977e-01 1.554979532957077026e-01 3.184136748313903809e-02 6.756433099508285522e-02
1.397297382354736328e-01 6.940231472253799438e-02 8.583471179008483887e-02 1.620956696569919586e-02 -1.212601433508098125e-03
7.966605946421623230e-03 -1.000501811504364014e-01 -1.045835167169570923e-01 7.543480396270751953e-02 -5.919661745429039001e-02

----------------------
-7.379909604787826538e-02 -4.668787866830825806e-02 -3.108987212181091309e-02 -6.371331214904785156e-02 5.746852606534957886e-02
1.840060809627175331e-03 7.863888889551162720e-02 9.961611032485961914e-02 1.583239734172821045e-01 4.758255183696746826e-02
-6.259194016456604004e-02 8.087958395481109619e-02 -1.895813830196857452e-02 9.351272881031036377e-02 7.307452033273875713e-04
-8.011028915643692017e-02 -4.979263246059417725e-02 -1.140758544206619263e-01 6.936914473772048950e-02 -6.046228483319282532e-02
-7.340511307120323181e-03 3.452961519360542297e-02 3.217427060008049011e-02 -4.918489232659339905e-02 -1.093069612979888916e-01

----------------------
-6.978809833526611328e-02 -2.611834742128849030e-02 -9.503060579299926758e-02 -1.019412353634834290e-01 1.148631051182746887e-02
4.549520462751388550e-02 -6.161132361739873886e-03 -1.588174402713775635e-01 -6.056236475706100464e-02 -4.731964692473411560e-02
-6.824643909931182861e-02 -4.622778668999671936e-02 1.145174950361251831e-01 -1.869767159223556519e-02 -1.032426394522190094e-02
-3.328878432512283325e-02 2.827945910394191742e-02 -3.889033570885658264e-02 -4.368693754076957703e-02 -2.907857485115528107e-02
-5.011641234159469604e-02 -5.112228170037269592e-02 -3.999675810337066650e-02 -1.076335608959197998e-01 4.565072432160377502e-02

----------------------
1.009918600320816040e-01 -2.854301780462265015e-02 1.019476354122161865e-01 4.463854432106018066e-02 5.625133961439132690e-02
-6.434526294469833374e-02 -8.143246918916702271e-02 2.143113501369953156e-02 8.084117434918880463e-03 -1.231933906674385071e-01
-5.753401294350624084e-02 4.675679653882980347e-02 4.752637445926666260e-02 -4.554618522524833679e-02 -1.255344413220882416e-02
-6.697420030832290649e-02 -6.461014598608016968e-02 -4.891220480203628540e-02 -9.295462071895599365e-02 4.360334202647209167e-02
3.162048384547233582e-02 4.178259894251823425e-02 -1.669771037995815277e-02 -7.227016985416412354e-02 -9.171772003173828125e-02

----------------------
9.764252603054046631e-02 1.422038115561008453e-02 2.996060252189636230e-02 1.097221747040748596e-01 3.110069036483764648e-02
-4.343375191092491150e-02 -3.302858769893646240e-02 -8.534404635429382324e-02 2.918212674558162689e-02 3.653369098901748657e-02
2.831865474581718445e-02 -2.925396896898746490e-03 -7.175760716199874878e-02 1.254807505756616592e-02 -3.049612045288085938e-02
1.338528282940387726e-02 -5.176750943064689636e-02 1.035932898521423340e-01 -4.538611322641372681e-02 1.804962521418929100e-03
-6.880988925695419312e-02 6.116155162453651428e-02 -6.418916583061218262e-02 1.114594750106334686e-02 1.666655763983726501e-02

----------------------
-6.824898719787597656e-02 9.898094832897186279e-02 1.424357891082763672e-01 1.289871037006378174e-01 5.148232728242874146e-02
-5.169454589486122131e-02 5.667796358466148376e-02 -1.422602776437997818e-02 9.112388826906681061e-03 -1.454073190689086914e-02
-1.336108446121215820e-01 -4.228506609797477722e-02 2.542912727221846581e-03 -9.997355192899703979e-02 6.520979106426239014e-02
9.142560511827468872e-02 1.095742285251617432e-01 6.798516213893890381e-02 3.136451542377471924e-02 -8.920048177242279053e-02
6.775962561368942261e-02 -1.109161227941513062e-02 9.573326096870005131e-04 4.794207215309143066e-02 -7.895968854427337646e-02

----------------------
5.225126445293426514e-02 -5.789433792233467102e-02 -1.817707903683185577e-02 -1.998257264494895935e-02 -4.833551496267318726e-02
-1.102424263954162598e-01 -3.650119155645370483e-02 -1.307980120182037354e-01 -5.867749080061912537e-02 -2.060941755771636963e-01
-1.203732118010520935e-01 -5.664817616343498230e-02 6.939943134784698486e-02 2.501790784299373627e-02 -3.806160390377044678e-02
-1.009438037872314453e-01 4.656493663787841797e-02 -9.554396569728851318e-02 -8.736843615770339966e-02 7.693039625883102417e-02
4.089436307549476624e-02 7.580948621034622192e-02 6.423292309045791626e-02 1.500611454248428345e-01 6.668907403945922852e-02

----------------------
8.458397351205348969e-03 2.715610712766647339e-02 -2.213144116103649139e-02 -4.232194647192955017e-02 -1.503136381506919861e-02
5.990089382976293564e-03 1.944103986024856567e-01 1.182418316602706909e-02 6.981761753559112549e-02 -5.982545204460620880e-03
1.496402472257614136e-01 3.176470287144184113e-03 7.723723072558641434e-03 -6.362488865852355957e-02 -2.733446285128593445e-02
2.873312681913375854e-02 8.112911880016326904e-02 3.321174904704093933e-02 -1.540508680045604706e-02 9.186870604753494263e-02
3.486081212759017944e-02 1.167559251189231873e-01 1.168032661080360413e-01 1.252505779266357422e-01 -1.243860553950071335e-02

----------------------
1.612466946244239807e-02 1.230415143072605133e-02 1.735383272171020508e-02 9.704956412315368652e-02 5.936733633279800415e-02
1.243073716759681702e-01 2.535353600978851318e-02 -3.173097968101501465e-02 -1.751063391566276550e-02 1.010541170835494995e-01
3.127910196781158447e-03 9.536715224385261536e-03 -1.600310206413269043e-02 -4.887831397354602814e-03 1.208394840359687805e-01
-8.116921782493591309e-02 -6.300817430019378662e-02 -5.506234988570213318e-02 -3.211491182446479797e-02 -8.095396310091018677e-02
2.501769922673702240e-02 -1.138647124171257019e-01 5.012351274490356445e-02 -9.854114800691604614e-02 -8.813372254371643066e-02

----------------------
1.771232858300209045e-02 -7.322897017002105713e-02 -9.091828018426895142e-02 6.045192480087280273e-02 5.809938535094261169e-02
8.837108314037322998e-02 5.007258057594299316e-02 1.307451128959655762e-01 -5.340674519538879395e-02 7.344048470258712769e-02
-1.112387552857398987e-01 -6.575722247362136841e-02 -1.288871467113494873e-01 -6.026611849665641785e-02 5.892668664455413818e-02
1.329516340047121048e-02 5.064844712615013123e-02 1.604318767786026001e-01 1.558932512998580933e-01 1.183208674192428589e-01
1.650417596101760864e-01 -3.408880159258842468e-02 1.171231851913034916e-03 4.023493826389312744e-02 6.993009895086288452e-02

----------------------
-5.125834792852401733e-02 -3.017332404851913452e-02 -1.971268653869628906e-02 -1.562122851610183716e-01 -3.556543216109275818e-02
7.100836187601089478e-02 -7.319429516792297363e-02 -8.251971751451492310e-02 9.967791289091110229e-02 5.568388849496841431e-02
-3.970510512590408325e-02 -1.466091535985469818e-02 -1.348453667014837265e-02 -6.502022594213485718e-02 2.621686318889260292e-03
-1.204251796007156372e-01 1.000082790851593018e-01 1.875584945082664490e-02 6.331538408994674683e-02 8.794663101434707642e-02
1.209058538079261780e-01 2.600501291453838348e-02 -3.262474015355110168e-02 2.508476190268993378e-02 -8.730433881282806396e-02

----------------------
-1.474119350314140320e-02 2.252087183296680450e-02 -7.935779541730880737e-02 -1.297959536314010620e-01 1.760536246001720428e-02
-1.743448525667190552e-02 -1.181511133909225464e-01 7.246726006269454956e-02 2.709433995187282562e-02 3.702858230099081993e-04
4.959196317940950394e-03 5.487895756959915161e-02 2.409381978213787079e-02 1.006040722131729126e-01 1.107107624411582947e-01
7.242015749216079712e-02 1.671290397644042969e-01 -8.370083756744861603e-03 -5.722724646329879761e-02 -1.744422502815723419e-02
-7.319341599941253662e-02 9.226237237453460693e-02 9.830058366060256958e-02 -4.425857961177825928e-02 2.118767425417900085e-02

----------------------
-1.256316304206848145e-01 -9.817743301391601562e-02 -1.290640607476234436e-02 -1.065519675612449646e-01 -3.006303310394287109e-02
5.294946208596229553e-02 -3.320619463920593262e-02 1.383577939122915268e-02 1.871691457927227020e-02 4.926526546478271484e-02
-7.839445769786834717e-02 -6.041171029210090637e-02 -9.524736553430557251e-02 -6.673387438058853149e-02 3.475555405020713806e-02
-8.931285887956619263e-02 -2.317167446017265320e-02 -4.227015748620033264e-02 6.499433517456054688e-02 5.924791470170021057e-02
-3.153816610574722290e-02 3.860753402113914490e-02 1.237288415431976318e-01 -6.133914738893508911e-02 -5.450044572353363037e-02

----------------------
-4.195745661854743958e-02 -3.126890212297439575e-02 -1.957491040229797363e-02 1.969775371253490448e-02 -6.914424896240234375e-02
-5.138738453388214111e-02 -8.224534988403320312e-02 6.051371991634368896e-02 3.765952214598655701e-02 -8.250689134001731873e-03
-1.019504815340042114e-01 -1.521664410829544067e-01 -8.189406245946884155e-02 -1.216621398925781250e-01 -2.416395582258701324e-02
-6.604095548391342163e-02 -3.634314239025115967e-02 -7.274040579795837402e-02 3.707258030772209167e-02 9.917554259300231934e-02
-1.666351594030857086e-02 7.961653918027877808e-02 1.381530463695526123e-01 4.834329336881637573e-02 2.531088702380657196e-02

----------------------
1.137642860412597656e-01 1.678646057844161987e-01 2.070658802986145020e-01 1.064619123935699463e-01 -6.358622759580612183e-02
2.692959457635879517e-02 -4.864383488893508911e-02 8.043497800827026367e-02 -1.145580485463142395e-01 4.962501302361488342e-02
-6.206746771931648254e-02 8.864965289831161499e-02 1.469149142503738403e-01 4.356640391051769257e-03 -1.649721339344978333e-02
1.253074556589126587e-01 -6.405884027481079102e-02 -2.454565139487385750e-03 -1.337765753269195557e-01 -4.262358322739601135e-02
-4.730084538459777832e-02 -7.273638248443603516e-02 -3.653625771403312683e-02 -1.623475924134254456e-02 4.379250854253768921e-02

----------------------
-5.940609052777290344e-02 -6.458061188459396362e-02 7.096056360751390457e-03 9.311033785343170166e-02 -9.006833285093307495e-02
7.481146603822708130e-02 -1.150649860501289368e-01 -1.160398796200752258e-01 -6.809939444065093994e-02 -4.100136086344718933e-02
-5.171381309628486633e-02 -1.174336299300193787e-01 -1.405766308307647705e-01 -9.274343401193618774e-02 -9.435291588306427002e-02
-1.200139299035072327e-01 -1.171040236949920654e-01 3.033743239939212799e-02 1.056756600737571716e-01 1.010835170745849609e-02
-3.412338346242904663e-02 -9.596786648035049438e-02 -2.359763532876968384e-02 -3.172640874981880188e-02 2.966175321489572525e-03

----------------------
-8.777794241905212402e-02 -1.005530506372451782e-01 1.108036935329437256e-02 -5.693384632468223572e-02 -6.364935636520385742e-02
1.194606348872184753e-01 -1.292044762521982193e-02 9.061771631240844727e-02 6.927192956209182739e-02 1.312667876482009888e-01
1.800057888031005859e-01 1.088890060782432556e-01 5.798300355672836304e-02 3.187094256281852722e-02 -7.097607851028442383e-02
-2.753734355792403221e-03 7.950436323881149292e-02 -5.182369425892829895e-02 -5.987298488616943359e-02 -5.262217670679092407e-02
-9.677059948444366455e-02 6.956613063812255859e-02 -1.023245695978403091e-02 -2.951947972178459167e-03 4.755200073122978210e-02

----------------------
-6.976857781410217285e-02 4.733404610306024551e-03 9.419176727533340454e-02 -6.494653224945068359e-02 8.055326342582702637e-02
-8.417363464832305908e-02 -1.007888931781053543e-02 5.607975274324417114e-02 3.510846570134162903e-02 6.987942010164260864e-02
7.124470174312591553e-02 1.206978708505630493e-01 1.123733147978782654e-01 4.128241539001464844e-02 7.938966900110244751e-02
6.207170709967613220e-02 8.979003131389617920e-02 9.662321209907531738e-02 4.943331703543663025e-02 4.772202670574188232e-02
-2.851874753832817078e-02 3.036848641932010651e-02 6.050300225615501404e-02 1.039539352059364319e-01 7.498178631067276001e-02

----------------------
9.283791482448577881e-02 2.931932173669338226e-02 1.132699940353631973e-02 9.489011019468307495e-02 5.295007675886154175e-02
1.842936500906944275e-03 2.083593979477882385e-02 3.412662446498870850e-02 -8.583633601665496826e-02 8.727362006902694702e-02
-6.242517009377479553e-02 -5.514099821448326111e-02 -2.117747068405151367e-02 1.086789593100547791e-01 -4.274513572454452515e-02
9.408986568450927734e-02 1.030743494629859924e-01 -2.420558594167232513e-02 9.478040784597396851e-02 1.010604202747344971e-01
8.215939253568649292e-02 -5.126233026385307312e-02 7.098753005266189575e-02 -4.996494948863983154e-02 5.615280568599700928e-02

----------------------
3.679583966732025146e-02 1.426720060408115387e-02 8.814116567373275757e-02 4.931101202964782715e-02 8.560769259929656982e-03
1.051575168967247009e-01 8.753617852926254272e-02 2.504090033471584320e-02 7.491426914930343628e-02 -5.732366442680358887e-02
9.717191010713577271e-02 -1.193060632795095444e-02 -7.776682078838348389e-02 8.646440505981445312e-02 5.447524599730968475e-03
-2.541897632181644440e-02 2.917262492701411247e-03 1.856397092342376709e-02 6.647150218486785889e-02 3.620436787605285645e-02
1.842263340950012207e-02 8.358865231275558472e-02 3.912318125367164612e-02 1.389062730595469475e-03 1.437367871403694153e-03

----------------------
-7.936879247426986694e-02 -4.021587967872619629e-02 -7.069139927625656128e-02 7.897505909204483032e-02 7.772923260927200317e-02
2.052224427461624146e-02 -1.273523457348346710e-02 -9.036427736282348633e-02 -1.918939128518104553e-02 7.808318827301263809e-03
-5.529721081256866455e-02 2.454344369471073151e-02 1.430994272232055664e-02 -3.576907888054847717e-02 4.650581255555152893e-02
-6.064734235405921936e-02 -9.496293216943740845e-02 6.724719703197479248e-02 -2.584616467356681824e-02 -4.843185469508171082e-02
-1.849652081727981567e-02 6.833895295858383179e-02 -1.790107600390911102e-02 -1.124816760420799255e-01 -2.732332423329353333e-02

----------------------
2.809881977736949921e-02 -2.833493985235691071e-02 6.530769914388656616e-02 -8.653150498867034912e-02 -7.151814177632331848e-03
6.699530035257339478e-02 -3.845608979463577271e-02 -8.628189563751220703e-02 6.423571705818176270e-02 -5.575607530772686005e-03
-1.696521602571010590e-02 -5.251764506101608276e-02 9.567997418344020844e-03 -7.845911383628845215e-02 -7.238283753395080566e-02
-7.483667880296707153e-02 1.842158287763595581e-02 -3.346707671880722046e-02 7.538720965385437012e-02 6.099904701113700867e-02
9.962100535631179810e-02 9.558141976594924927e-02 1.952410303056240082e-02 -4.363545402884483337e-02 5.177864804863929749e-02

----------------------
5.196807533502578735e-02 8.100469596683979034e-03 4.977597668766975403e-02 1.900490000844001770e-02 9.044413268566131592e-02
5.518892034888267517e-02 1.298283413052558899e-02 6.112936884164810181e-03 -4.046267271041870117e-02 -9.673703461885452271e-02
8.315611630678176880e-03 -8.320955932140350342e-02 6.646531075239181519e-02 6.505082547664642334e-02 1.088758632540702820e-01
-7.073341310024261475e-02 6.613647565245628357e-05 -4.200709611177444458e-02 4.704679362475872040e-03 7.904201745986938477e-02
-9.516504406929016113e-02 6.227436824701726437e-05 -7.561612874269485474e-02 1.016361191868782043e-01 1.724545098841190338e-02

----------------------
-6.705591082572937012e-02 7.068334519863128662e-02 1.998485298827290535e-03 9.025765582919120789e-03 -6.469045579433441162e-02
7.959812879562377930e-02 4.784080199897289276e-03 7.097115367650985718e-02 2.446753904223442078e-02 -1.975577138364315033e-02
3.464138135313987732e-02 -4.958789795637130737e-02 3.872140869498252869e-02 -5.765140429139137268e-02 -2.937392704188823700e-02
8.726099133491516113e-02 -5.858475714921951294e-02 3.479100763797760010e-03 7.882026582956314087e-02 -1.391256600618362427e-02
-6.854639854282140732e-03 9.465271234512329102e-02 4.676691815257072449e-02 -4.599503800272941589e-02 7.672566175460815430e-02

----------------------
-9.224939346313476562e-02 -9.606087207794189453e-02 7.735445350408554077e-02 6.714338436722755432e-03 -5.255929380655288696e-02
-6.107152253389358521e-02 9.219944477081298828e-02 -4.788022488355636597e-02 4.010738432407379150e-02 -6.269974168390035629e-03
-3.468675166368484497e-02 -5.201617255806922913e-02 2.564055100083351135e-02 1.553064794279634953e-03 -5.170385167002677917e-02
2.149187214672565460e-02 -2.795855887234210968e-02 -2.388555184006690979e-02 -7.414026558399200439e-02 5.993936210870742798e-02
5.297308787703514099e-02 8.451136946678161621e-02 3.769534826278686523e-02 5.855098739266395569e-02 -6.592792272567749023e-02

----------------------
-4.513563215732574463e-02 -2.545214444398880005e-02 9.743382781744003296e-02 6.213056296110153198e-02 -2.666644565761089325e-02
4.883445799350738525e-02 -9.094511717557907104e-02 -9.732008911669254303e-03 -6.820610165596008301e-02 9.309020638465881348e-02
9.633748978376388550e-02 -7.867758721113204956e-02 1.065947674214839935e-02 -6.992259528487920761e-03 2.283895574510097504e-02
-9.442579746246337891e-02 -1.224123015999794006e-01 -4.487246274948120117e-03 -4.921693727374076843e-02 8.178386092185974121e-02
6.065804138779640198e-02 -5.078043788671493530e-02 -8.954642713069915771e-02 -3.423098102211952209e-02 -6.439382582902908325e-02

----------------------
2.437703497707843781e-02 5.460749566555023193e-02 -1.395395770668983459e-02 6.951412558555603027e-02 -6.196004897356033325e-02
-6.004400551319122314e-02 -6.306973099708557129e-02 -1.875115744769573212e-02 -5.403436720371246338e-02 6.863249838352203369e-02
-8.193592727184295654e-02 2.277927845716476440e-02 6.721216440200805664e-02 -2.000061236321926117e-02 5.422697216272354126e-02
-7.843754440546035767e-02 3.737801313400268555e-02 -5.166558083146810532e-03 -4.354903846979141235e-02 -5.528241768479347229e-02
1.219596061855554581e-02 -3.583179041743278503e-02 -5.590095371007919312e-02 -7.451006770133972168e-02 -7.234062999486923218e-02

----------------------
4.340671375393867493e-02 4.113666713237762451e-02 4.900595638900995255e-03 -7.174193859100341797e-02 -3.083036094903945923e-02
-2.436268515884876251e-02 4.342633485794067383e-02 -5.629923567175865173e-02 5.446920171380043030e-02 -1.095072180032730103e-02
-2.244265004992485046e-02 -9.683157503604888916e-02 9.908381104469299316e-02 1.028345972299575806e-01 -5.884013604372739792e-03
7.767494022846221924e-02 8.564642630517482758e-03 6.372873485088348389e-02 -3.703617723658680916e-03 1.150029301643371582e-01
1.383362989872694016e-02 -6.217889115214347839e-02 -8.780270814895629883e-02 -9.998394548892974854e-02 -5.638604983687400818e-02

----------------------
-7.368134707212448120e-02 -3.071657195687294006e-02 4.280105605721473694e-02 -3.441974893212318420e-02 -4.127807915210723877e-02
-4.282939806580543518e-02 -7.990528643131256104e-02 8.369966596364974976e-02 2.365393191576004028e-02 3.442487493157386780e-02
-9.906451217830181122e-03 -6.174529343843460083e-02 2.330991439521312714e-02 4.778357595205307007e-02 3.957787528634071350e-02
4.277304187417030334e-02 5.312012881040573120e-02 -4.305658116936683655e-02 3.755298256874084473e-02 -5.970991402864456177e-02
-3.606309182941913605e-03 7.429407443851232529e-03 -6.900304555892944336e-02 -5.592404678463935852e-02 -9.451921284198760986e-02

----------------------
1.192796379327774048e-01 -7.972123473882675171e-02 8.665242791175842285e-02 -2.014425583183765411e-02 8.621253818273544312e-02
-6.109895557165145874e-02 -1.052155271172523499e-01 4.098249599337577820e-02 -2.986132167279720306e-02 2.225624956190586090e-02
-9.915939532220363617e-03 -5.338558927178382874e-02 -1.057590916752815247e-02 5.180497840046882629e-02 -3.025265969336032867e-02
4.583051055669784546e-02 1.214746944606304169e-02 1.818000152707099915e-02 7.639660686254501343e-02 7.892207056283950806e-02
-8.888182044029235840e-02 -1.637323759496212006e-02 4.838564991950988770e-02 -3.846454247832298279e-02 -1.106609962880611420e-02

----------------------
2.372220158576965332e-02 -5.670935660600662231e-02 8.530259132385253906e-02 1.062025949358940125e-01 3.172433376312255859e-02
1.142217814922332764e-01 3.304745629429817200e-02 -5.765524879097938538e-02 1.962802000343799591e-02 -2.363847568631172180e-02
-5.234405770897865295e-02 7.267849147319793701e-02 -4.611027613282203674e-02 4.468898102641105652e-02 5.167375877499580383e-02
1.728238165378570557e-02 -3.636458516120910645e-02 1.142881363630294800e-01 1.145554035902023315e-01 -9.075000137090682983e-02
5.002432037144899368e-03 -1.054973751306533813e-01 -1.058598607778549194e-01 -9.209904074668884277e-02 -3.103282488882541656e-02

----------------------
1.028575077652931213e-01 1.665191166102886200e-02 -4.914335533976554871e-02 -4.252702370285987854e-02 7.209973875433206558e-03
9.270722419023513794e-02 -6.845007836818695068e-02 -7.144892588257789612e-03 -6.863819062709808350e-02 7.260317355394363403e-02
4.886835068464279175e-02 2.587607689201831818e-02 -8.557690307497978210e-03 -1.120196953415870667e-01 9.087786078453063965e-02
-6.584533303976058960e-02 9.471966326236724854e-02 -3.139307349920272827e-02 -8.599789440631866455e-02 -3.652407322078943253e-03
8.553964644670486450e-02 8.816561847925186157e-02 8.437230437994003296e-02 -3.514178097248077393e-02 3.160005435347557068e-02

----------------------
-1.025296524167060852e-01 9.325283020734786987e-02 1.618285197764635086e-03 -6.907324306666851044e-03 -7.944449782371520996e-02
9.182681143283843994e-02 1.805179752409458160e-02 4.525141045451164246e-02 9.552516788244247437e-02 2.978863008320331573e-02
7.771436870098114014e-02 -7.746047526597976685e-02 3.005945123732089996e-02 -7.772894203662872314e-02 -4.001821205019950867e-02
6.615783274173736572e-02 -5.164790898561477661e-02 8.758293837308883667e-02 -5.019109323620796204e-02 8.902546018362045288e-02
-8.562625944614410400e-02 -1.590406708419322968e-02 -3.863597661256790161e-02 -7.811747491359710693e-02 4.646268859505653381e-02

----------------------
-1.021955162286758423e-01 1.376920659095048904e-02 6.825546175241470337e-02 5.795163661241531372e-02 2.367016486823558807e-02
6.999497115612030029e-02 -2.642731927335262299e-02 1.403984576463699341e-01 1.307667791843414307e-01 6.523903459310531616e-02
8.686822839081287384e-03 -7.143204659223556519e-02 -8.846576511859893799e-02 -9.436619281768798828e-02 4.623064771294593811e-02
4.172697663307189941e-02 -1.181645393371582031e-01 9.703628718852996826e-03 -8.112604729831218719e-03 4.763018805533647537e-03
-1.011350229382514954e-01 4.674856737256050110e-02 -8.892851322889328003e-02 2.780213765799999237e-02 -1.073342487215995789e-01

----------------------
8.442265540361404419e-02 4.947739094495773315e-02 -1.608085185289382935e-01 -1.102406829595565796e-01 -1.894729882478713989e-01
-1.346568614244461060e-01 1.485381834208965302e-02 -1.179401669651269913e-02 -1.154233366250991821e-01 -2.089579030871391296e-02
7.877779752016067505e-02 -3.239336609840393066e-02 -1.281379014253616333e-01 2.757645770907402039e-02 -1.202435344457626343e-01
-1.514195054769515991e-01 -9.412202239036560059e-02 -1.506575793027877808e-01 -1.489131301641464233e-01 -1.266016811132431030e-01
-1.749371886253356934e-01 1.684224046766757965e-02 1.029414404183626175e-02 8.852924406528472900e-02 1.088152229785919189e-01

----------------------
6.085304170846939087e-02 -2.413595281541347504e-02 -3.731970116496086121e-02 -2.089664153754711151e-02 -4.378623142838478088e-02
-1.727516055107116699e-01 -1.511360611766576767e-02 -7.273592054843902588e-02 -1.611570268869400024e-01 -2.204931527376174927e-02
-1.207783967256546021e-01 -1.182426288723945618e-01 -1.348527222871780396e-01 -1.001507565379142761e-01 1.254280842840671539e-02
-1.492068916559219360e-01 -1.432236284017562866e-02 6.551127880811691284e-02 4.204760771244764328e-03 -5.772259831428527832e-02
-1.558844298124313354e-01 2.768099308013916016e-02 7.662674039602279663e-02 4.722228273749351501e-02 1.186661198735237122e-01

----------------------
1.422274671494960785e-02 8.897558599710464478e-02 1.246188357472419739e-01 8.375946432352066040e-02 1.635311692953109741e-01
-6.712500751018524170e-02 1.227959021925926208e-01 1.805097609758377075e-01 1.867716461420059204e-01 5.885174497961997986e-02
-1.203398555517196655e-01 9.055393189191818237e-02 8.487572520971298218e-02 1.593138426542282104e-01 5.374033004045486450e-02
1.385492533445358276e-01 -8.212822675704956055e-02 -6.758018396794795990e-03 1.394737511873245239e-02 -5.547052249312400818e-02
8.478743582963943481e-02 8.122697472572326660e-02 -6.502832472324371338e-02 -4.287432134151458740e-02 2.466037869453430176e-02

----------------------
5.261501669883728027e-02 7.148441672325134277e-02 1.129101440310478210e-01 2.294450066983699799e-02 -5.080172419548034668e-02
-1.481024175882339478e-01 -1.100789457559585571e-01 1.103920638561248779e-01 1.188699007034301758e-01 1.630195043981075287e-02
-4.471698030829429626e-02 -4.067378863692283630e-02 -4.423260316252708435e-02 2.015905268490314484e-02 1.810048818588256836e-01
1.016985625028610229e-01 1.629812717437744141e-01 1.062544137239456177e-01 3.550148382782936096e-02 -2.583794109523296356e-02
-9.487928822636604309e-03 1.652765870094299316e-01 1.251367628574371338e-01 1.222973912954330444e-01 -9.012513607740402222e-02

----------------------
-2.288191765546798706e-02 -8.318386971950531006e-02 -1.107483580708503723e-01 -1.251647770404815674e-01 -2.009273767471313477e-01
-2.539229206740856171e-02 -1.244300976395606995e-01 6.960171740502119064e-03 -1.141317263245582581e-01 2.982805948704481125e-03
-9.315630793571472168e-02 -1.841517724096775055e-02 -9.555847942829132080e-02 -5.125060677528381348e-02 1.586849540472030640e-01
-7.376636564731597900e-02 1.450804807245731354e-02 8.203573524951934814e-02 9.239787608385086060e-02 8.549546822905540466e-03
2.160599827766418457e-02 4.735957831144332886e-02 1.177324429154396057e-01 1.096549332141876221e-01 5.670757498592138290e-03

----------------------
-9.535702876746654510e-03 1.070616766810417175e-01 1.541452705860137939e-01 6.129067391157150269e-03 8.761084824800491333e-02
1.940912157297134399e-01 1.686704456806182861e-01 1.741171330213546753e-01 1.583762019872665405e-01 9.345621615648269653e-02
1.432273536920547485e-01 1.040238738059997559e-01 5.740028619766235352e-02 -1.118797436356544495e-01 3.224495798349380493e-02
-1.271601170301437378e-01 3.425543755292892456e-02 7.716334611177444458e-02 -7.953853905200958252e-02 -3.317189589142799377e-02
-1.179508715867996216e-01 -6.268072873353958130e-02 6.713103502988815308e-02 6.639764457941055298e-02 6.829995661973953247e-02

----------------------
1.222247555851936340e-01 4.583009704947471619e-02 1.448801159858703613e-01 1.830859631299972534e-01 7.885929942131042480e-02
-5.770010873675346375e-02 5.984006822109222412e-02 2.190938964486122131e-02 7.654336839914321899e-02 1.894844919443130493e-01
1.120930388569831848e-01 1.083081662654876709e-01 -1.213554814457893372e-01 -9.309495240449905396e-02 -1.293312525376677513e-03
-6.419906765222549438e-02 2.434361353516578674e-02 4.817635193467140198e-02 6.098360568284988403e-02 -1.056878343224525452e-01
-4.613276198506355286e-02 -7.613762468099594116e-02 9.732189774513244629e-02 1.010143905878067017e-01 7.133657485246658325e-02

----------------------
8.935473859310150146e-02 -1.901327446103096008e-02 1.136468425393104553e-01 1.283344179391860962e-01 -8.992268890142440796e-02
9.962160885334014893e-02 1.105349231511354446e-02 9.246844798326492310e-02 4.789967462420463562e-02 -1.038492321968078613e-01
8.887588046491146088e-03 -1.047527417540550232e-01 -3.051230870187282562e-02 1.080138012766838074e-01 8.438969403505325317e-02
1.511258929967880249e-01 9.216533601284027100e-02 1.133976206183433533e-01 7.006596028804779053e-02 -4.032202810049057007e-02
1.167922392487525940e-01 1.093778684735298157e-01 1.043856516480445862e-01 5.523219704627990723e-02 3.762273862957954407e-02

----------------------
-1.334388107061386108e-01 2.762267924845218658e-02 -1.191500797867774963e-01 4.908314719796180725e-02 6.863676011562347412e-02
3.902539238333702087e-02 -1.069063171744346619e-01 1.486986503005027771e-02 1.111423447728157043e-01 1.783853955566883087e-02
1.428692191839218140e-01 3.239718824625015259e-02 1.020844094455242157e-02 9.610049426555633545e-02 6.192345917224884033e-02
-4.494346305727958679e-02 9.466452896595001221e-02 -2.431014180183410645e-02 -1.736911945044994354e-02 -2.245960384607315063e-02
-6.291187833994626999e-03 -5.492289364337921143e-02 -2.381457202136516571e-02 8.422556333243846893e-03 -1.162842512130737305e-01

----------------------
-6.116590276360511780e-02 -1.263690143823623657e-01 -1.337351277470588684e-02 -7.260923832654953003e-02 -1.570922285318374634e-01
6.502427160739898682e-02 3.820094838738441467e-02 4.735359922051429749e-02 5.107270181179046631e-02 1.339821666479110718e-01
1.487211734056472778e-01 1.410628855228424072e-01 2.356167733669281006e-01 2.119862288236618042e-01 7.718804478645324707e-02
5.706777423620223999e-02 1.287285834550857544e-01 6.926007568836212158e-02 -3.198297694325447083e-02 1.572550535202026367e-01
2.569570392370223999e-02 -5.916798487305641174e-02 4.408232495188713074e-02 -9.228422492742538452e-02 -7.873542606830596924e-02

----------------------
-1.037116870284080505e-01 1.761778839863836765e-03 -1.387536376714706421e-01 -3.420657664537429810e-02 -1.493069827556610107e-01
6.332198530435562134e-02 -1.217880938202142715e-02 3.815360739827156067e-02 -7.981901988387107849e-03 -1.199700171127915382e-03
1.036866828799247742e-01 7.909028232097625732e-02 -2.957134693861007690e-02 5.236042663455009460e-02 1.384671479463577271e-01
-9.098712354898452759e-03 1.619091182947158813e-01 2.309712953865528107e-02 1.180311664938926697e-01 1.352574825286865234e-01
1.197927668690681458e-01 1.483278274536132812e-01 4.139362275600433350e-02 1.114271506667137146e-01 6.259008496999740601e-02

----------------------
-1.005752086639404297e-01 -2.404520101845264435e-02 -2.814814075827598572e-02 -7.353661954402923584e-02 -1.131216529756784439e-02
-9.470319002866744995e-02 -1.561631560325622559e-01 1.784379407763481140e-02 -8.651144802570343018e-02 -1.452639251947402954e-01
-1.832140982151031494e-01 2.602515369653701782e-02 -2.295546233654022217e-02 4.322730377316474915e-02 -3.049245290458202362e-02
-1.437735743820667267e-02 9.337109513580799103e-03 -6.009288132190704346e-02 1.510937511920928955e-01 1.502411663532257080e-01
7.444759458303451538e-02 -2.204143255949020386e-02 5.495595186948776245e-02 1.339438855648040771e-01 8.468243479728698730e-02

----------------------
2.163889855146408081e-01 9.091625362634658813e-02 2.167084813117980957e-02 4.651434719562530518e-02 9.215950220823287964e-02
3.279384691268205643e-03 1.528234332799911499e-01 3.707682713866233826e-02 -1.887243427336215973e-02 -4.737497121095657349e-02
4.790424928069114685e-02 1.447765529155731201e-01 1.067455857992172241e-01 9.083022922277450562e-02 -5.691497772932052612e-02
-4.025164246559143066e-02 -1.149967312812805176e-01 -4.441168159246444702e-02 -3.688615933060646057e-02 -5.891899392008781433e-02
-7.245562970638275146e-02 -1.701027452945709229e-01 -1.797578185796737671e-01 3.603041637688875198e-03 -3.253969177603721619e-02

----------------------
-5.145863443613052368e-02 3.216617181897163391e-02 7.727513462305068970e-02 3.219334781169891357e-02 -3.772602975368499756e-02
1.112797483801841736e-02 -1.794472634792327881e-01 -1.012495830655097961e-01 -1.874309778213500977e-01 -1.858031749725341797e-01
8.964966237545013428e-02 6.375144422054290771e-02 -6.951391231268644333e-03 -1.054235324263572693e-01 -8.343331515789031982e-02
5.297347903251647949e-02 6.144935265183448792e-02 7.016788423061370850e-02 -2.449489384889602661e-02 8.476838469505310059e-02
1.103160455822944641e-01 1.153449490666389465e-01 6.035998836159706116e-02 1.515632122755050659e-01 6.043056026101112366e-02

----------------------
-2.027497254312038422e-02 4.868415743112564087e-02 6.107451394200325012e-02 -3.229341655969619751e-02 -2.868808060884475708e-02
2.263744128867983818e-03 7.384096831083297729e-02 2.233771607279777527e-02 1.094535291194915771e-01 1.191732659935951233e-01
1.199723035097122192e-01 -1.656217686831951141e-02 -1.891090651042759418e-03 -7.542624324560165405e-02 -7.144349813461303711e-02
4.433610662817955017e-02 -1.110856533050537109e-01 -6.027504801750183105e-02 -3.624969860538840294e-03 -1.471406817436218262e-01
-8.400812745094299316e-02 -1.043735146522521973e-01 4.427109658718109131e-02 1.461938582360744476e-02 -9.973581135272979736e-02

----------------------
-5.789757147431373596e-02 5.954959243535995483e-02 1.399559993296861649e-02 -1.170380637049674988e-01 6.500202231109142303e-03
-7.505882531404495239e-02 8.745896071195602417e-02 5.306024476885795593e-02 -3.161682188510894775e-02 -4.279441758990287781e-02
8.739795535802841187e-03 7.739985734224319458e-02 1.052799224853515625e-01 1.028642058372497559e-01 1.351219266653060913e-01
1.030604541301727295e-02 -7.031515985727310181e-02 1.079234927892684937e-01 -1.680825650691986084e-02 -1.916228607296943665e-02
2.547763288021087646e-02 3.545904532074928284e-02 9.872700273990631104e-02 8.876390010118484497e-02 -7.946103811264038086e-03

----------------------
-2.664156630635261536e-02 1.632666774094104767e-02 1.812737733125686646e-01 9.739378094673156738e-02 8.308934420347213745e-02
3.236923739314079285e-02 -6.683935970067977905e-02 1.337300688028335571e-01 1.134288962930440903e-02 2.451866865158081055e-02
1.256203800439834595e-01 2.705358900129795074e-02 5.524823069572448730e-02 6.816908717155456543e-02 -3.807776421308517456e-02
1.380966138094663620e-02 -3.078548610210418701e-02 9.891679137945175171e-02 9.091997519135475159e-03 6.126597896218299866e-02
-3.909599408507347107e-02 7.698530703783035278e-02 -9.084902703762054443e-03 6.693958491086959839e-02 -1.240200474858283997e-01

----------------------
9.406205266714096069e-02 1.442564558237791061e-02 1.092571243643760681e-01 1.550858765840530396e-01 1.399944722652435303e-01
2.979577705264091492e-02 4.328937828540802002e-02 3.783337026834487915e-02 7.260023802518844604e-02 1.125837713479995728e-01
2.008277773857116699e-01 1.569062173366546631e-01 -4.665586166083812714e-03 1.133392229676246643e-01 7.094768434762954712e-02
-2.727607078850269318e-02 7.796906679868698120e-02 1.303709745407104492e-01 1.117566302418708801e-01 1.351066771894693375e-02
9.690143913030624390e-02 -3.670946694910526276e-03 -1.059058532118797302e-01 8.085937798023223877e-02 2.268706634640693665e-02

----------------------
6.700278818607330322e-02 4.479365795850753784e-02 -4.382571578025817871e-02 -4.598793387413024902e-02 -1.132626980543136597e-01
1.050306484103202820e-02 -1.028577461838722229e-01 -8.824452757835388184e-02 1.955797709524631500e-02 -4.778398200869560242e-03
-8.993281424045562744e-02 -1.353704780340194702e-01 -9.791388362646102905e-02 -5.327979847788810730e-02 2.067512460052967072e-02
8.662158995866775513e-02 1.042155362665653229e-02 -8.123905956745147705e-02 7.392689585685729980e-02 -3.118951432406902313e-02
2.998561598360538483e-02 1.253853440284729004e-01 5.683171004056930542e-02 7.546502351760864258e-02 1.317073404788970947e-02

----------------------
-5.399911850690841675e-02 6.661853194236755371e-02 1.059687286615371704e-01 -3.917956724762916565e-02 4.158171266317367554e-02
7.968273945152759552e-03 9.327126294374465942e-02 -7.655414193868637085e-02 1.336281448602676392e-01 1.269302219152450562e-01
4.341609310358762741e-04 -6.824004650115966797e-02 3.983621019870042801e-03 -1.605714857578277588e-01 -9.396106749773025513e-02
-6.429923232644796371e-03 1.738156192004680634e-02 -5.397401750087738037e-02 -1.139174625277519226e-01 -1.641221344470977783e-01
-8.636090159416198730e-02 5.697416514158248901e-02 9.298903867602348328e-03 -5.340800061821937561e-02 -1.873125322163105011e-02

----------------------
1.312490552663803101e-01 1.405962556600570679e-01 6.290410459041595459e-02 1.599588394165039062e-01 7.551787048578262329e-02
1.079883724451065063e-01 6.442846357822418213e-02 -2.276043407618999481e-02 1.620805561542510986e-01 1.206476017832756042e-01
3.927687183022499084e-02 -3.899006173014640808e-02 -1.613305658102035522e-01 -4.336050525307655334e-02 -3.655371814966201782e-02
6.518740952014923096e-02 -5.920276790857315063e-02 -1.513943225145339966e-01 -1.060273647308349609e-01 -1.882569491863250732e-01
-5.771631002426147461e-02 -2.592625282704830170e-02 -3.309794515371322632e-02 -4.577633365988731384e-02 -6.093748658895492554e-02

----------------------
-5.855264887213706970e-02 -2.738970518112182617e-02 -1.183105930685997009e-01 1.631050743162631989e-02 -6.059300526976585388e-02
-6.429661065340042114e-02 -4.444148391485214233e-03 -1.454193592071533203e-01 -1.697624325752258301e-01 -1.791854947805404663e-01
-4.767855256795883179e-02 9.558556228876113892e-02 1.083078682422637939e-01 -6.887413561344146729e-02 -1.497757881879806519e-01
-1.659551449120044708e-02 -2.068363688886165619e-02 -4.011701047420501709e-02 8.171251416206359863e-02 -6.048202887177467346e-02
-1.962717249989509583e-02 4.649010300636291504e-02 9.640822559595108032e-02 -5.607166886329650879e-02 1.973252557218074799e-02

----------------------
-1.004459634423255920e-01 -8.521314710378646851e-02 -1.267886310815811157e-01 -5.579363554716110229e-03 -1.517616063356399536e-01
-1.110277026891708374e-01 -4.467180743813514709e-02 -2.779681049287319183e-02 -6.454075872898101807e-02 5.024672672152519226e-02
-2.208633162081241608e-02 1.108483821153640747e-01 -4.616321250796318054e-02 -6.653851270675659180e-02 1.289792656898498535e-01
-3.595861420035362244e-02 1.112221777439117432e-01 1.341244876384735107e-01 -3.309483081102371216e-02 6.968547403812408447e-02
-1.270139776170253754e-02 7.870516739785671234e-03 -7.391182589344680309e-04 -5.717511475086212158e-02 -7.933964580297470093e-02

----------------------
-8.038561791181564331e-03 -4.851976409554481506e-03 3.847346082329750061e-02 2.543776854872703552e-02 -1.046451833099126816e-02
5.804494023323059082e-02 9.666104614734649658e-02 1.503651216626167297e-02 3.264117240905761719e-02 9.660995006561279297e-02
-1.138531863689422607e-01 2.221285179257392883e-02 -1.013984978199005127e-01 2.669768035411834717e-02 -2.721896022558212280e-02
-5.833317991346120834e-03 -3.367955237627029419e-02 -9.346552938222885132e-02 2.946196310222148895e-02 -4.521444812417030334e-02
2.104892209172248840e-02 -1.000761091709136963e-01 5.548307672142982483e-02 -2.823746763169765472e-02 8.732619881629943848e-02

----------------------
-5.944255739450454712e-02 -2.576917037367820740e-02 -2.161430753767490387e-02 5.445493385195732117e-02 -5.259779095649719238e-02
1.392741501331329346e-02 -1.810014992952346802e-02 -1.590090841054916382e-01 1.024546101689338684e-02 9.549251757562160492e-03
7.038130611181259155e-02 -1.896348595619201660e-02 -9.507878124713897705e-02 -1.629267483949661255e-01 -4.694782197475433350e-02
6.477579474449157715e-03 -4.938465356826782227e-02 6.548123201355338097e-04 3.158898651599884033e-02 1.027036085724830627e-01
4.820706695318222046e-02 4.706244915723800659e-02 1.100917458534240723e-01 6.503359228372573853e-02 1.506857126951217651e-01

----------------------
2.879765443503856659e-02 6.533326208591461182e-02 5.881719291210174561e-02 -1.842503249645233154e-02 6.275638937950134277e-02
4.336154554039239883e-03 6.496771425008773804e-02 6.738159060478210449e-02 -1.281946450471878052e-01 2.739226073026657104e-02
-6.219483166933059692e-02 -4.909350536763668060e-03 -1.504053324460983276e-01 -7.331516593694686890e-02 -5.619329214096069336e-02
-1.249812841415405273e-01 -9.734731912612915039e-02 -7.764332741498947144e-02 -3.190809115767478943e-02 3.087050467729568481e-02
-6.455930997617542744e-04 1.127309128642082214e-01 1.167660392820835114e-02 -9.011090546846389771e-02 -9.679535776376724243e-02

----------------------
1.442872434854507446e-01 1.603255122900009155e-01 6.520009040832519531e-02 9.696725010871887207e-02 1.365880370140075684e-01
3.959574550390243530e-02 -5.738374963402748108e-02 3.484156355261802673e-02 7.704108953475952148e-02 -3.898325562477111816e-02
-1.091882660984992981e-01 -5.088007077574729919e-02 -1.689726114273071289e-02 -1.252686083316802979e-01 -4.039300978183746338e-02
-1.057886611670255661e-02 -7.700566668063402176e-03 -5.305767804384231567e-02 2.616351284086704254e-02 -1.450177580118179321e-01
3.028308972716331482e-02 -7.428746670484542847e-02 1.939751580357551575e-02 -6.257133930921554565e-02 1.007528081536293030e-01

----------------------
1.488391607999801636e-01 1.376424282789230347e-01 -5.930406227707862854e-02 6.670178472995758057e-02 -6.307062506675720215e-02
4.665356501936912537e-02 1.592652797698974609e-01 6.304895877838134766e-02 -5.277608335018157959e-02 -3.714419156312942505e-02
-9.424745105206966400e-03 4.375629499554634094e-02 2.711299620568752289e-02 4.179491102695465088e-02 -9.519555419683456421e-02
-1.024461090564727783e-01 -2.278919517993927002e-02 -1.194813475012779236e-01 -1.864715814590454102e-01 -1.322044134140014648e-01
-3.072173893451690674e-02 -9.139342606067657471e-02 -1.348194628953933716e-01 -1.281366497278213501e-01 -1.641044951975345612e-02

----------------------
-2.009115815162658691e-01 -1.872395724058151245e-01 -9.541835635900497437e-03 1.267387438565492630e-02 -2.783322334289550781e-02
-8.213112503290176392e-02 -9.572760015726089478e-02 -6.287737935781478882e-02 -5.713914707303047180e-02 3.221019729971885681e-02
2.105436520650982857e-03 -3.364126756787300110e-02 -1.035115215927362442e-02 9.162430465221405029e-02 1.571824774146080017e-02
-2.147644758224487305e-02 8.713227510452270508e-02 1.977221574634313583e-03 1.088546514511108398e-01 7.087685912847518921e-02
-4.549201950430870056e-02 1.285176426172256470e-01 -2.123462967574596405e-02 8.877409249544143677e-02 8.927434682846069336e-02

----------------------
-4.840064421296119690e-02 -2.160667814314365387e-02 4.222265444695949554e-03 5.560855567455291748e-02 6.207371875643730164e-02
4.797575529664754868e-03 4.522938653826713562e-02 1.356977783143520355e-02 1.600843854248523712e-02 8.231217972934246063e-03
-5.375650897622108459e-02 1.471329033374786377e-01 8.152641355991363525e-02 2.606446295976638794e-02 -6.721714884042739868e-02
1.068585552275180817e-03 -5.131802707910537720e-02 3.024306520819664001e-02 -5.996096879243850708e-02 7.644236087799072266e-02
-1.694998471066355705e-03 9.612847119569778442e-03 -1.266516000032424927e-01 -8.910193294286727905e-02 -1.008492894470691681e-02

----------------------
-1.490444391965866089e-01 -1.211244910955429077e-01 -8.575921505689620972e-02 1.307468977756798267e-03 -4.406091943383216858e-02
-1.572511158883571625e-02 -8.173772692680358887e-02 -7.822854816913604736e-02 -6.719730794429779053e-02 -1.081259474158287048e-01
3.371123224496841431e-02 1.824100874364376068e-02 6.360356509685516357e-02 -5.888143926858901978e-02 1.205097809433937073e-01
1.134496554732322693e-01 1.556224077939987183e-01 7.866799086332321167e-02 1.028345301747322083e-01 3.058684244751930237e-02
-2.410288713872432709e-02 2.656797319650650024e-02 -5.446676909923553467e-02 7.270342111587524414e-02 6.606093794107437134e-02

----------------------
-1.170352175831794739e-01 -5.639893189072608948e-02 -6.179684773087501526e-02 -7.096312195062637329e-02 -9.435985237360000610e-02
-4.893992096185684204e-02 -5.699370056390762329e-02 9.634241461753845215e-03 1.345987468957901001e-01 -4.813638329505920410e-02
-1.037056557834148407e-02 -1.108959093689918518e-01 -1.073525995016098022e-01 9.855438023805618286e-02 3.147839335724711418e-03
-1.044735237956047058e-01 3.820710256695747375e-02 1.008629705756902695e-02 -8.435903489589691162e-02 -1.172819733619689941e-01
6.017408892512321472e-02 8.931775391101837158e-02 -1.180552095174789429e-01 -5.140537023544311523e-02 -1.081134527921676636e-01

----------------------
5.367154628038406372e-02 1.003240942955017090e-01 -3.721315041184425354e-02 -8.189308643341064453e-02 5.883783102035522461e-03
5.615895614027976990e-03 -1.486636698246002197e-01 -1.113789528608322144e-01 -1.200010851025581360e-01 -7.564956694841384888e-02
-8.487894386053085327e-02 3.219987079501152039e-02 -1.370281577110290527e-01 -1.499661058187484741e-01 -8.873590081930160522e-02
-9.445154666900634766e-02 -1.495413482189178467e-02 -4.986941069364547729e-02 -8.310947567224502563e-02 -2.559613995254039764e-02
-1.152053698897361755e-01 -1.701929122209548950e-01 -6.788510829210281372e-02 5.262022092938423157e-02 5.318015813827514648e-02

----------------------
-5.966715514659881592e-02 -6.725350022315979004e-02 5.770255625247955322e-02 4.578568413853645325e-02 -4.306574165821075439e-02
-1.116011664271354675e-02 -9.247366338968276978e-02 -1.573378965258598328e-02 2.087198570370674133e-02 -1.008487939834594727e-01
-1.340436190366744995e-01 -8.345258980989456177e-02 -1.734295338392257690e-01 -1.289794594049453735e-01 -6.497822701930999756e-03
-1.770376861095428467e-01 -4.685338586568832397e-02 -1.254662964493036270e-02 7.701029628515243530e-02 5.098238214850425720e-02
-1.550132632255554199e-01 1.114995405077934265e-02 2.820682525634765625e-02 2.169318497180938721e-02 6.082186475396156311e-02

----------------------
6.986103951930999756e-02 -3.412830457091331482e-02 1.055967360734939575e-01 7.477406412363052368e-02 2.252690494060516357e-02
-3.082188777625560760e-02 1.034412533044815063e-01 2.319452725350856781e-02 1.954312175512313843e-01 1.807322725653648376e-02
1.503358501940965652e-02 1.095126150175929070e-03 1.981871388852596283e-02 2.870021201670169830e-02 2.092481702566146851e-01
9.837388992309570312e-02 1.487082690000534058e-01 -6.447024177759885788e-03 2.306303568184375763e-02 9.729101508855819702e-02
6.733329594135284424e-02 6.482153385877609253e-02 9.418829530477523804e-02 -9.909882210195064545e-03 -1.037821248173713684e-01

----------------------
7.990404963493347168e-02 1.104113459587097168e-01 4.958995431661605835e-02 1.402913182973861694e-01 1.048100814223289490e-01
-6.586418300867080688e-02 -4.890247434377670288e-02 1.556283794343471527e-02 1.357341259717941284e-01 6.065788213163614273e-03
-6.645526736974716187e-02 -1.186837181448936462e-01 2.799045480787754059e-02 5.244576558470726013e-02 2.249019034206867218e-02
8.299797028303146362e-02 1.375702023506164551e-01 7.175924628973007202e-02 3.815548121929168701e-02 -3.749778494238853455e-02
-4.474788159132003784e-02 -7.595826871693134308e-03 1.541505903005599976e-01 1.317986636422574520e-03 7.085695862770080566e-02

----------------------
7.218782603740692139e-02 -1.673112250864505768e-02 -6.627973169088363647e-02 3.738053143024444580e-03 -4.584919288754463196e-02
-1.658412963151931763e-01 -8.938125520944595337e-02 -7.538093626499176025e-02 -1.298407763242721558e-01 -1.705477237701416016e-01
-4.919125512242317200e-02 5.195842310786247253e-02 5.886749923229217529e-02 -9.368521720170974731e-02 8.472610265016555786e-02
-2.438052324578166008e-03 5.010984838008880615e-02 9.854134172201156616e-02 1.206332072615623474e-02 -1.358411554247140884e-02
-2.643097192049026489e-02 -5.301590636372566223e-02 1.330137848854064941e-01 1.465314030647277832e-01 1.691292375326156616e-01

----------------------
-1.014865487813949585e-01 7.057308219373226166e-03 8.180887252092361450e-02 -6.913955509662628174e-02 -6.146256346255540848e-03
2.470090985298156738e-02 7.850110530853271484e-02 1.031437441706657410e-01 -5.500033497810363770e-03 1.640827506780624390e-01
1.694385856389999390e-01 8.399280160665512085e-02 1.073057577013969421e-01 9.062934666872024536e-02 5.019661504775285721e-03
-1.501355171203613281e-01 -1.968482695519924164e-02 3.847570717334747314e-02 1.028598099946975708e-01 -3.415533900260925293e-02
-1.160586923360824585e-01 5.086122453212738037e-02 5.921384319663047791e-02 2.060883911326527596e-03 -3.181123360991477966e-02

----------------------
7.756433635950088501e-02 -3.331080079078674316e-02 1.598723828792572021e-01 6.551796942949295044e-02 1.010819524526596069e-01
1.251553297042846680e-01 9.095142036676406860e-02 1.585038192570209503e-02 1.383356600999832153e-01 1.374939382076263428e-01
1.033797338604927063e-01 1.018461734056472778e-01 1.126969815231859684e-03 -1.009323168545961380e-02 -6.706687062978744507e-02
5.201566964387893677e-02 -3.040262125432491302e-02 8.117608726024627686e-02 6.606956571340560913e-02 -8.621089905500411987e-02
5.448882654309272766e-02 -6.470848619937896729e-02 -4.629210382699966431e-02 -3.929367288947105408e-02 -1.277855597436428070e-02

----------------------
-3.533310815691947937e-02 8.131574839353561401e-02 5.062616243958473206e-02 2.398071438074111938e-02 4.047930985689163208e-02
4.062792286276817322e-03 -4.352606087923049927e-02 -8.342904038727283478e-03 1.159599572420120239e-01 -6.447461992502212524e-02
2.096619270741939545e-02 -1.030531302094459534e-01 4.145178571343421936e-02 7.085683196783065796e-02 -1.067875698208808899e-01
-5.047882907092571259e-03 1.375172883272171021e-01 2.079132758080959320e-02 -6.079063564538955688e-02 5.282838270068168640e-02
1.272053718566894531e-01 1.249734014272689819e-01 1.556995958089828491e-01 8.070750534534454346e-02 6.847994774580001831e-02

----------------------
-1.082935407757759094e-01 -1.483692079782485962e-01 -1.246373951435089111e-01 6.407018005847930908e-02 -3.276716917753219604e-02
5.132539197802543640e-02 3.214358910918235779e-02 -9.921245276927947998e-02 9.428325295448303223e-02 1.491527557373046875e-01
8.334309607744216919e-02 5.558767542243003845e-02 7.198736816644668579e-02 3.875587880611419678e-02 1.032638102769851685e-01
-4.563963785767555237e-02 2.189963357523083687e-03 6.913383305072784424e-02 1.283347606658935547e-01 1.243267953395843506e-01
-6.132175773382186890e-02 -1.041095778346061707e-01 -6.836634874343872070e-02 -4.117338918149471283e-03 -3.021806478500366211e-02

----------------------
-1.462764889001846313e-01 -1.012205779552459717e-01 -2.471451088786125183e-02 -1.439243406057357788e-01 -1.102359071373939514e-01
-3.284875303506851196e-02 -3.446139395236968994e-02 1.239131763577461243e-01 -5.666416510939598083e-02 -2.061378769576549530e-02
3.429357334971427917e-02 2.836331538856029510e-02 1.466761529445648193e-01 4.763412103056907654e-02 2.034283727407455444e-01
1.476875990629196167e-01 6.975935399532318115e-02 8.154196292161941528e-02 5.438842624425888062e-02 7.270217686891555786e-02
3.391276579350233078e-03 8.573561161756515503e-02 6.398899108171463013e-02 -6.571539491415023804e-02 6.864017248153686523e-02

----------------------
-1.893037557601928711e-02 -2.079457789659500122e-02 -2.985190041363239288e-02 -3.571040183305740356e-02 -8.941087126731872559e-02
-5.301311984658241272e-02 -9.774965047836303711e-02 -1.244236081838607788e-01 -1.378033589571714401e-02 -6.185184791684150696e-02
1.124675124883651733e-01 1.041739359498023987e-01 6.019665673375129700e-02 -2.082218416035175323e-02 -6.324511021375656128e-02
8.347123861312866211e-02 4.105786606669425964e-02 6.166107952594757080e-02 1.499778479337692261e-01 -9.885434061288833618e-03
1.323204785585403442e-01 7.862977683544158936e-02 5.796681717038154602e-02 1.203646659851074219e-01 -5.414259806275367737e-02

----------------------
-1.341299060732126236e-02 -4.432220757007598877e-02 -9.988416731357574463e-02 -7.258298806846141815e-03 3.234357759356498718e-02
-1.532087922096252441e-01 3.138352930545806885e-02 6.629172712564468384e-02 -6.627450138330459595e-02 -1.553704142570495605e-01
-5.818488448858261108e-02 -1.289644837379455566e-01 -7.587262988090515137e-02 1.358273345977067947e-02 1.094174683094024658e-01
-1.284313499927520752e-01 4.853385686874389648e-02 -8.212096244096755981e-02 -7.424096018075942993e-02 9.005465358495712280e-02
3.354856045916676521e-03 1.637862622737884521e-01 1.739931404590606689e-01 1.495354324579238892e-01 -1.215235795825719833e-03

----------------------
2.420716285705566406e-01 2.240033000707626343e-01 1.170862838625907898e-01 2.049653045833110809e-02 1.685869097709655762e-01
1.140944510698318481e-01 -1.437921356409788132e-02 -9.953037835657596588e-03 1.251357495784759521e-01 2.306536212563514709e-02
1.879699155688285828e-02 7.611612230539321899e-02 1.129296049475669861e-01 5.863399803638458252e-02 9.760949015617370605e-02
1.512055993080139160e-01 3.012589737772941589e-02 8.733090758323669434e-02 -1.378785073757171631e-01 -8.774474263191223145e-02
-9.749396145343780518e-02 -8.225732296705245972e-02 -1.689377576112747192e-01 -1.768430769443511963e-01 -1.741920709609985352e-01

----------------------
1.442720461636781693e-02 -1.116971075534820557e-01 2.616764046251773834e-02 -1.050475463271141052e-01 -1.074358671903610229e-01
8.701849728822708130e-02 -1.372024267911911011e-01 -8.123094588518142700e-02 -2.034920454025268555e-01 -1.115667074918746948e-01
-1.053190231323242188e-01 -5.013559758663177490e-02 -1.167773678898811340e-01 -1.539936512708663940e-01 -1.451102346181869507e-01
3.222358226776123047e-02 8.785479702055454254e-03 -4.430706426501274109e-02 -2.297612093389034271e-02 1.270674169063568115e-01
-5.201375484466552734e-02 1.006733700633049011e-01 -6.508193165063858032e-02 1.174672320485115051e-01 -3.345879539847373962e-02

----------------------
-4.733299836516380310e-02 -4.265363514423370361e-02 -2.597718499600887299e-02 -8.197762072086334229e-02 -6.176904775202274323e-03
1.329164057970046997e-01 -4.521857947111129761e-02 2.635732851922512054e-02 -3.035531844943761826e-03 1.171096563339233398e-01
1.844610869884490967e-01 1.709803789854049683e-01 6.052533909678459167e-02 -2.789593674242496490e-02 -1.361810266971588135e-01
8.141986280679702759e-02 -2.055992372334003448e-02 7.350502535700798035e-03 -1.263893395662307739e-01 -7.059399783611297607e-02
-1.401751488447189331e-01 -1.790836304426193237e-01 -1.031722947955131531e-01 3.776082396507263184e-02 3.053179010748863220e-03

----------------------
